-94.591427 -95.209148 -73.169246
-80.164848 -98.629148 -175.071307
-93.232383 -95.069566 -164.857728
-95.250709 -82.893048 -168.181261
-66.814401 -88.674360 -90.670837
-83.552016 -86.654416 -160.097889
-86.098459 -77.677469 -88.315075
-85.963349 -81.774207 -62.805289
-93.890231 -93.803871 -97.208233
-92.781647 -92.609033 -171.460222
-91.883258 -91.938152 -89.900229
-92.906602 -93.016883 -162.391893
-71.908273 -71.381726 -69.911615
-72.157515 -72.249785 -148.423342
-71.952378 -71.721793 -74.981753
-71.371123 -71.411133 -73.029942
-67.080822 -67.205162 -165.635119
-66.440341 -66.030923 -145.929991
-64.825808 -64.755875 -64.978500
-64.837078 -65.762816 -63.658352
-56.738433 -58.283859 -55.899074
-57.912698 -57.889183 -58.779533
-58.368282 -58.598102 -59.003098
-59.335431 -59.239331 -59.381747
-53.029972 -53.313719 -168.124636
-52.910920 -52.900480 -152.058712
-52.141190 -52.100523 -52.073646
-51.529220 -52.002128 -49.404071
-46.279853 -46.873130 -43.303559
-46.384564 -47.408923 -48.467551
-47.500992 -47.557787 -48.185348
-48.131782 -45.914876 -47.729377
-41.762166 -44.939030 -163.710429
-43.673080 -44.325912 -167.130015
-44.288031 -42.896746 -47.981910
-44.607919 -44.165101 -39.862609
-40.096836 -39.995086 -150.664627
-40.010716 -40.071902 -72.024661
-39.974422 -40.038136 -40.251657
-40.298545 -40.289772 -35.153136
-40.023899 -40.494222 -147.121621
-40.801505 -51.441546 -47.631378
-39.989297 -36.820205 -168.221163
-41.849410 -40.024025 -23.640853
-20.979151 -31.032863 -155.387016
-21.800634 -19.120371 -29.920920
-21.871790 -21.819105 -4.571573
-10.614593 -22.268967 -144.010459
-24.389107 -20.631336 -32.230812
-30.490918 -16.248805 -144.454474
-20.158107 -20.763927 -10.337787
-31.810146 -21.126692 -97.520369
162.091322 6.824983 -2.076376
88.516303 3.039754 -47.611660
-0.109000 49.987494 -0.100000
2.915095 31.247926 199.705610
-71.451209 -71.216227 -75.549581
-70.843746 -70.861237 -71.055443
-71.471878 -71.617212 -158.864643
-71.905378 -71.204515 -166.419125
-59.486514 -59.436463 -53.244566
-58.779440 -58.818801 -57.743655
-59.416405 -59.418388 -147.127753
-59.850967 -59.470937 -162.992417
-48.993135 -49.001397 -50.443556
-48.524077 -48.536207 -48.544873
-48.721919 -48.885192 -160.193848
-49.041881 -49.135707 -166.086807
-77.431033 -90.205839 -145.019263
-82.852991 -90.197420 -90.883193
-89.558592 -72.671638 -171.260824
-85.109525 -85.278868 -42.871115
-58.833350 -77.636431 -165.528095
-70.629177 -70.833854 -90.519150
-79.463448 -68.021638 -161.662849
-72.986286 -68.931661 -18.161395
-40.869018 -51.793991 -167.960565
-50.107841 -62.195692 -79.491229
-50.743874 -45.327181 -166.670763
-58.884513 -49.078432 -13.551913
-37.301741 -38.224478 -165.669421
-38.194624 -38.209062 -49.087220
-46.203853 -29.136738 -163.720609
-37.980471 -38.260554 30.609936
-1.477806 -14.117451 70.115487
-4.076573 -14.345798 -14.413289
-14.566411 -5.542272 -116.883174
-14.698183 56.494471 -143.759920
-0.303871 -2.453453 109.092114
-2.360099 -2.501214 -32.702935
-2.442268 -2.537465 -2.911993
-2.529276 46.975548 -45.871262
168.700998 -0.136856 40.743923
148.301456 40.731276 -121.568902
-0.136856 54.684125 0.000000
0.560607 7.314217 214.217042
